$ 1 0.000005 10.634267539816555 43 2 50 5e-11
t 192 288 224 288 0 1 0 0 100 default
t 304 208 336 208 0 1 0 0 100 default
t 64 304 96 304 0 1 0 0 100 default
t 304 336 336 336 0 1 0 0 100 default
d 336 256 336 288 2 default
w 336 224 336 256 0
w 336 288 336 320 0
w 336 352 336 400 0
w 224 272 224 208 0
w 224 208 304 208 0
w 224 304 224 336 0
w 224 336 304 336 0
r 336 176 336 112 0 130
r 224 176 224 112 0 1600
r 224 416 224 352 0 1000
w 224 176 224 208 0
w 336 176 336 192 0
w 336 64 224 64 0
w 224 64 224 112 0
w 336 64 336 112 0
w 224 352 224 336 0
w 336 400 336 448 0
w 336 448 224 448 0
w 224 448 224 416 0
r 64 176 64 112 0 4000
w 96 288 192 288 0
w 64 304 64 176 0
w 96 320 96 352 0
d 96 400 96 352 2 default
w 96 400 96 448 0
w 96 448 208 448 0
w 64 112 64 64 0
w 64 64 224 64 0
w 96 336 -16 336 0
w 336 304 384 304 0
