$ 1 0.000005 1.4391916095149893 62 2 50 5e-11
t 112 192 144 192 0 1 0.6060563578661406 0.6405539330746356 100 default
t 224 112 256 112 0 1 -4.3087238902352505 0.4677452074233541 100 default
t -16 208 16 208 0 1 0.589091582352202 -3.1145044204854884 100 default
t 224 240 256 240 0 1 0.6279071655678339 0.6558500640876738 100 default
d 256 160 256 192 2 default
w 256 128 256 160 0
w 256 256 256 304 0
w 144 176 144 112 0
w 144 208 144 240 0
r 256 64 256 0 0 130
r 144 80 144 16 0 1600
r 144 320 144 256 0 1000
w 144 80 144 112 0
w 256 80 256 96 0
w 256 -32 144 -32 0
w 144 -32 144 16 0
w 144 256 144 240 0
w 256 304 256 352 0
w 256 352 144 352 0
w 144 352 144 320 0
r -16 80 -16 16 0 4000
w -16 208 -16 80 0
w 16 224 16 256 0
d 16 336 16 288 2 default
w 16 352 128 352 0
w -16 16 -16 -32 0
w -16 -32 144 -32 0
g 128 352 128 384 0 0
w 144 352 128 352 0
R -16 -32 -16 -64 0 0 40 5 0 0 0.5
w 256 208 256 224 0
v -144 336 -144 256 0 2 40 2.5 2.5 0 0.5
w -144 256 16 256 0
g -144 336 -144 368 0 0
403 320 -32 672 32 0 30_64_0_4610_5_0.00009765625_-1_2_30_3_Output
403 320 64 672 128 0 32_64_0_4610_5_0.003125_-1_2_32_3_Input
w 16 192 112 192 0
w 224 240 192 240 0
w 224 112 144 112 0
w 192 240 144 240 0
162 352 240 352 288 2 default-led 1 0 0 0.01
162 400 288 400 240 2 default-led 1 0 0 0.01
R 400 384 400 432 0 0 40 5 0 0 0.5
g 352 384 352 416 0 0
r 352 368 352 304 0 1000
r 400 368 400 304 0 1000
w 352 288 352 304 0
w 352 368 352 384 0
w 400 368 400 384 0
w 400 288 400 304 0
w 400 240 400 208 0
w 256 208 352 208 0
w 352 240 352 208 0
w 256 192 256 208 0
w 400 208 352 208 0
w 256 0 256 -32 0
w 256 80 256 64 0
w 16 352 16 336 0
w 16 288 16 256 0
